              6
            109
            212
            312
            412
            512
            612
            712
            812
            912
           1012
           1112
           1212
           1312
           1412
           1512
           1612
           1712
           1812
           1912
           2012
           2112
           2212
           2312
           2412
           2512
           2612
           2712
           2812
           2912
           3012
           3112
           3212
           3312
           3412
           3512
           3612
           3712
           3812
           3912
           4012
           4112
           4212
           4312
           4412
           4512
           4612
           4712
           4810
           4907
           5009
           5113
           5217
           5317
           5417
           5517
           5617
           5717
           5817
           5917
           6017
           6117
           6217
           6317
           6417
           6517
           6617
           6717
           6817
           6917
           7017
           7117
           7217
           7317
           7417
           7517
           7617
           7717
           7817
           7917
           8017
           8117
           8217
           8317
           8417
           8517
           8617
           8717
           8817
           8917
           9017
           9117
           9217
           9317
           9417
           9517
           9617
           9717
           9814
           9910
          10012
          10117
          10221
          10321
          10421
          10521
          10621
          10721
          10821
          10921
          11021
          11121
          11221
          11321
          11421
          11521
          11621
          11721
          11821
          11921
          12021
          12121
          12221
          12321
          12421
          12521
          12621
          12721
          12821
          12921
          13021
          13121
          13221
          13321
          13421
          13521
          13621
          13721
          13821
          13921
          14021
          14121
          14221
          14321
          14421
          14521
          14621
          14721
          14817
          14912
          15012
          15117
          15221
          15321
          15421
          15521
          15621
          15721
          15821
          15921
          16021
          16121
          16221
          16321
          16421
          16521
          16621
          16721
          16821
          16921
          17021
          17121
          17221
          17321
          17421
          17521
          17621
          17721
          17821
          17921
          18021
          18121
          18221
          18321
          18421
          18521
          18621
          18721
          18821
          18921
          19021
          19121
          19221
          19321
          19421
          19521
          19621
          19721
          19817
          19912
          20012
          20117
          20221
          20321
          20421
          20521
          20621
          20721
          20821
          20921
          21021
          21121
          21221
          21321
          21421
          21521
          21621
          21721
          21821
          21921
          22021
          22121
          22221
          22321
          22421
          22521
          22621
          22721
          22821
          22921
          23021
          23121
          23221
          23321
          23421
          23521
          23621
          23721
          23821
          23921
          24021
          24121
          24221
          24321
          24421
          24521
          24621
          24721
          24817
          24912
          25012
          25117
          25221
          25321
          25421
          25521
          25621
          25721
          25821
          25921
          26021
          26121
          26221
          26321
          26421
          26521
          26621
          26721
          26821
          26921
          27021
          27121
          27221
          27321
          27421
          27521
          27621
          27721
          27821
          27921
          28021
          28121
          28221
          28321
          28421
          28521
          28621
          28721
          28821
          28921
          29021
          29121
          29221
          29321
          29421
          29521
          29621
          29721
          29817
          29912
          30012
          30117
          30221
          30321
          30421
          30521
          30621
          30721
          30821
          30921
          31021
          31121
          31221
          31321
          31421
          31521
          31621
          31721
          31821
          31921
          32021
          32121
          32221
          32321
          32421
          32521
          32621
          32721
          32821
          32921
          33021
          33121
          33221
          33321
          33421
          33521
          33621
          33721
          33821
          33921
          34021
          34121
          34221
          34321
          34421
          34521
          34621
          34721
          34817
          34912
          35012
          35117
          35221
          35321
          35421
          35521
          35621
          35721
          35821
          35921
          36021
          36121
          36221
          36321
          36421
          36521
          36621
          36721
          36821
          36921
          37021
          37121
          37221
          37321
          37421
          37521
          37621
          37721
          37821
          37921
          38021
          38121
          38221
          38321
          38421
          38521
          38621
          38721
          38821
          38921
          39021
          39121
          39221
          39321
          39421
          39521
          39621
          39721
          39817
          39912
          40012
          40117
          40221
          40321
          40421
          40521
          40621
          40721
          40821
          40921
          41021
          41121
          41221
          41321
          41421
          41521
          41621
          41721
          41821
          41921
          42021
          42121
          42221
          42321
          42421
          42521
          42621
          42721
          42821
          42921
          43021
          43121
          43221
          43321
          43421
          43521
          43621
          43721
          43821
          43921
          44021
          44121
          44221
          44321
          44421
          44521
          44621
          44721
          44817
          44912
          45012
          45117
          45221
          45321
          45421
          45521
          45621
          45721
          45821
          45921
          46021
          46121
          46221
          46321
          46421
          46521
          46621
          46721
          46821
          46921
          47021
          47121
          47221
          47321
          47421
          47521
          47621
          47721
          47821
          47921
          48021
          48121
          48221
          48321
          48421
          48521
          48621
          48721
          48821
          48921
          49021
          49121
          49221
          49321
          49421
          49521
          49621
          49721
          49817
          49912
          50012
          50117
          50221
          50321
          50421
          50521
          50621
          50721
          50821
          50921
          51021
          51121
          51221
          51321
          51421
          51521
          51621
          51721
          51821
          51921
          52021
          52121
          52221
          52321
          52421
          52521
          52621
          52721
          52821
          52921
          53021
          53121
          53221
          53321
          53421
          53521
          53621
          53721
          53821
          53921
          54021
          54121
          54221
          54321
          54421
          54521
          54621
          54721
          54817
          54912
          55012
          55117
          55221
          55321
          55421
          55521
          55621
          55721
          55821
          55921
          56021
          56121
          56221
          56321
          56421
          56521
          56621
          56721
          56821
          56921
          57021
          57121
          57221
          57321
          57421
          57521
          57621
          57721
          57821
          57921
          58021
          58121
          58221
          58321
          58421
          58521
          58621
          58721
          58821
          58921
          59021
          59121
          59221
          59321
          59421
          59521
          59621
          59721
          59817
          59912
          60012
          60117
          60221
          60321
          60421
          60521
          60621
          60721
          60821
          60921
          61021
          61121
          61221
          61321
          61421
          61521
          61621
          61721
          61821
          61921
          62021
          62121
          62221
          62321
          62421
          62521
          62621
          62721
          62821
          62921
          63021
          63121
          63221
          63321
          63421
          63521
          63621
          63721
          63821
          63921
          64021
          64121
          64221
          64321
          64421
          64521
          64621
          64721
          64817
          64912
          65012
          65117
          65221
          65321
          65421
          65521
          65621
          65721
          65821
          65921
          66021
          66121
          66221
          66321
          66421
          66521
          66621
          66721
          66821
          66921
          67021
          67121
          67221
          67321
          67421
          67521
          67621
          67721
          67821
          67921
          68021
          68121
          68221
          68321
          68421
          68521
          68621
          68721
          68821
          68921
          69021
          69121
          69221
          69321
          69421
          69521
          69621
          69721
          69817
          69912
          70012
          70117
          70221
          70321
          70421
          70521
          70621
          70721
          70821
          70921
          71021
          71121
          71221
          71321
          71421
          71521
          71621
          71721
          71821
          71921
          72021
          72121
          72221
          72321
          72421
          72521
          72621
          72721
          72821
          72921
          73021
          73121
          73221
          73321
          73421
          73521
          73621
          73721
          73821
          73921
          74021
          74121
          74221
          74321
          74421
          74521
          74621
          74721
          74817
          74912
          75012
          75117
          75221
          75321
          75421
          75521
          75621
          75721
          75821
          75921
          76021
          76121
          76221
          76321
          76421
          76521
          76621
          76721
          76821
          76921
          77021
          77121
          77221
          77321
          77421
          77521
          77621
          77721
          77821
          77921
          78021
          78121
          78221
          78321
          78421
          78521
          78621
          78722
          78822
          78922
          79022
          79122
          79222
          79322
          79421
          79521
          79621
          79721
          79817
          79912
          80012
          80117
          80221
          80322
          80422
          80521
          80621
          80721
          80821
          80921
          81021
          81121
          81221
          81321
          81421
          81521
          81621
          81721
          81821
          81921
          82021
          82121
          82221
          82321
          82421
          82521
          82621
          82721
          82821
          82921
          83021
          83121
          83221
          83321
          83422
          83523
          83623
          83723
          83823
          83923
          84023
          84122
          84222
          84322
          84422
          84522
          84622
          84722
          84818
          84913
          85013
          85118
          85221
          85322
          85422
          85522
          85622
          85722
          85822
          85921
          86021
          86121
          86221
          86321
          86421
          86521
          86621
          86721
          86821
          86921
          87021
          87121
          87221
          87321
          87421
          87521
          87621
          87721
          87821
          87921
          88021
          88121
          88222
          88322
          88422
          88523
          88623
          88723
          88823
          88923
          89023
          89123
          89223
          89323
          89423
          89523
          89623
          89722
          89818
          89913
          90013
          90118
          90222
          90322
          90422
          90522
          90621
          90721
          90821
          90921
          91022
          91122
          91222
          91322
          91422
          91521
          91621
          91721
          91821
          91921
          92021
          92121
          92221
          92321
          92421
          92521
          92621
          92721
          92821
          92921
          93021
          93121
          93222
          93322
          93422
          93522
          93622
          93722
          93822
          93922
          94022
          94122
          94222
          94322
          94422
          94522
          94622
          94721
          94817
          94912
          95012
          95117
          95221
          95321
          95421
          95521
          95621
          95722
          95822
          95922
          96022
          96122
          96221
          96321
          96421
          96521
          96621
          96721
          96821
          96921
          97021
          97121
          97221
          97321
          97421
          97521
          97621
          97721
          97821
          97921
          98021
          98121
          98221
          98321
          98421
          98521
          98621
          98721
          98821
          98921
          99021
          99121
          99221
          99321
          99421
          99521
          99621
          99721
          99817
          99912
         100012
         100117
         100221
         100321
         100421
         100521
         100621
         100721
         100821
         100921
         101021
         101121
         101221
         101321
         101421
         101521
         101621
         101721
         101821
         101921
         102021
         102121
         102221
         102321
         102421
         102521
         102621
         102721
         102821
         102921
         103021
         103121
         103221
         103321
         103421
         103521
         103621
         103721
         103821
         103921
         104021
         104121
         104221
         104321
         104421
         104521
         104621
         104721
         104817
         104912
         105012
         105117
         105221
         105321
         105421
         105521
         105621
         105721
         105821
         105921
         106021
         106121
         106221
         106321
         106421
         106521
         106621
         106721
         106821
         106921
         107021
         107121
         107221
         107321
         107421
         107521
         107621
         107721
         107821
         107921
         108021
         108121
         108221
         108321
         108421
         108521
         108621
         108721
         108821
         108921
         109021
         109121
         109221
         109321
         109421
         109521
         109621
         109721
         109817
         109912
         110012
         110117
         110221
         110321
         110421
         110521
         110621
         110721
         110821
         110921
         111021
         111121
         111221
         111321
         111421
         111521
         111621
         111721
         111821
         111921
         112021
         112121
         112221
         112321
         112420
         112520
         112619
         112717
         112817
         112919
         113020
         113120
         113221
         113321
         113421
         113521
         113621
         113721
         113821
         113921
         114021
         114121
         114221
         114321
         114421
         114521
         114621
         114721
         114817
         114912
         115012
         115117
         115221
         115321
         115421
         115521
         115620
         115720
         115820
         115920
         116020
         116120
         116220
         116320
         116420
         116520
         116620
         116720
         116820
         116920
         117020
         117120
         117220
         117319
         117419
         117518
         117618
         117718
         117820
         117920
         118020
         118120
         118220
         118321
         118421
         118521
         118621
         118720
         118820
         118920
         119021
         119121
         119221
         119321
         119421
         119521
         119621
         119721
         119817
         119913
         120012
         120117
         120221
         120322
         120421
         120521
         120620
         120720
         120820
         120920
         121020
         121120
         121220
         121320
         121420
         121520
         121620
         121720
         121820
         121920
         122020
         122120
         122220
         122320
         122419
         122515
         122607
         122707
         122807
         122912
         123022
         123123
         123223
         123323
         123422
         123522
         123622
         123723
         123823
         123923
         124023
         124123
         124223
         124323
         124423
         124523
         124623
         124722
         124818
         124913
         125013
         125118
         125222
         125322
         125422
         125522
         125622
         125721
         125820
         125920
         126020
         126120
         126220
         126320
         126420
         126520
         126620
         126720
         126820
         126920
         127020
         127120
         127219
         127319
         127418
         127518
         127617
         127716
         127819
         127919
         128020
         128120
         128221
         128321
         128421
         128521
         128621
         128721
         128821
         128921
         129021
         129121
         129221
         129321
         129421
         129521
         129621
         129720
         129816
         129912
         130012
         130117
         130221
         130321
         130421
         130520
         130620
         130720
         130820
         130920
         131020
         131120
         131220
         131320
         131420
         131520
         131620
         131720
         131820
         131920
         132020
         132120
         132220
         132319
         132419
         132518
         132617
         132717
         132818
         132919
         133020
         133121
         133221
         133321
         133421
         133521
         133621
         133721
         133821
         133921
         134021
         134121
         134221
         134321
         134421
         134521
         134622
         134721
         134817
         134912
         135012
         135117
         135221
         135321
         135421
         135521
         135621
         135721
         135821
         135921
         136021
         136121
         136221
         136321
         136421
         136521
         136621
         136721
         136821
         136921
         137021
         137121
         137221
         137321
         137421
         137521
         137621
         137721
         137821
         137921
         138021
         138121
         138221
         138321
         138421
         138521
         138621
         138721
         138821
         138921
         139021
         139121
         139221
         139321
         139421
         139521
         139621
         139721
         139817
         139912
         140012
         140117
         140221
         140321
         140421
         140521
         140621
         140721
         140821
         140921
         141021
         141121
         141221
         141321
         141421
         141521
         141621
         141721
         141821
         141921
         142021
         142121
         142221
         142321
         142421
         142521
         142621
         142721
         142821
         142921
         143021
         143121
         143221
         143321
         143421
         143521
         143621
         143721
         143821
         143921
         144021
         144121
         144221
         144321
         144421
         144521
         144621
         144721
         144817
         144912
         145012
         145117
         145221
         145321
         145421
         145521
         145621
         145721
         145821
         145921
         146021
         146121
         146221
         146321
         146421
         146521
         146621
         146721
         146821
         146921
         147021
         147121
         147221
         147321
         147421
         147521
         147621
         147721
         147821
         147921
         148021
         148121
         148221
         148321
         148421
         148521
         148621
         148721
         148821
         148921
         149021
         149121
         149221
         149321
         149421
         149521
         149621
         149721
         149817
         149912
         150012
         150117
         150221
         150321
         150421
         150521
         150621
         150721
         150821
         150921
         151021
         151121
         151221
         151321
         151421
         151521
         151621
         151721
         151821
         151921
         152021
         152121
         152221
         152321
         152421
         152521
         152621
         152721
         152821
         152921
         153021
         153121
         153221
         153321
         153421
         153521
         153621
         153721
         153821
         153921
         154021
         154121
         154221
         154321
         154421
         154521
         154621
         154721
         154817
         154912
         155012
         155117
         155221
         155321
         155421
         155521
         155621
         155721
         155821
         155921
         156021
         156121
         156221
         156321
         156421
         156521
         156621
         156722
         156822
         156922
         157021
         157121
         157221
         157321
         157421
         157521
         157621
         157721
         157821
         157921
         158021
         158121
         158221
         158321
         158421
         158522
         158622
         158722
         158822
         158922
         159022
         159122
         159222
         159322
         159422
         159522
         159621
         159721
         159817
         159912
         160012
         160117
         160221
         160321
         160421
         160521
         160621
         160721
         160821
         160921
         161021
         161121
         161221
         161321
         161422
         161522
         161622
         161721
         161821
         161921
         162021
         162121
         162221
         162321
         162421
         162521
         162621
         162721
         162821
         162921
         163021
         163121
         163222
         163322
         163422
         163522
         163622
         163722
         163822
         163923
         164023
         164123
         164223
         164322
         164422
         164521
         164621
         164721
         164817
         164912
         165012
         165117
         165221
         165321
         165421
         165521
         165621
         165721
         165821
         165921
         166021
         166121
         166221
         166321
         166421
         166521
         166621
         166721
         166821
         166921
         167021
         167121
         167221
         167321
         167421
         167521
         167621
         167721
         167821
         167921
         168021
         168121
         168221
         168321
         168421
         168521
         168622
         168722
         168822
         168922
         169022
         169122
         169221
         169321
         169421
         169521
         169621
         169721
         169817
         169912
         170012
         170117
         170221
         170321
         170421
         170521
         170621
         170721
         170821
         170921
         171021
         171121
         171221
         171321
         171421
         171521
         171621
         171721
         171821
         171921
         172021
         172121
         172221
         172321
         172421
         172521
         172621
         172721
         172821
         172921
         173021
         173121
         173221
         173321
         173421
         173521
         173621
         173721
         173821
         173921
         174021
         174121
         174221
         174321
         174421
         174521
         174621
         174721
         174817
         174912
         175012
         175117
         175221
         175321
         175421
         175521
         175621
         175721
         175821
         175921
         176021
         176121
         176221
         176321
         176421
         176521
         176621
         176721
         176821
         176921
         177021
         177121
         177221
         177321
         177421
         177521
         177621
         177721
         177821
         177921
         178021
         178121
         178221
         178321
         178421
         178521
         178621
         178721
         178821
         178921
         179021
         179121
         179221
         179321
         179421
         179521
         179621
         179721
         179817
         179912
         180012
         180117
         180221
         180321
         180421
         180521
         180621
         180721
         180821
         180921
         181021
         181121
         181221
         181321
         181421
         181521
         181621
         181721
         181821
         181921
         182021
         182121
         182221
         182321
         182421
         182521
         182621
         182721
         182821
         182921
         183021
         183121
         183221
         183321
         183421
         183521
         183621
         183721
         183821
         183921
         184021
         184121
         184221
         184321
         184421
         184521
         184621
         184721
         184817
         184912
         185012
         185117
         185221
         185321
         185421
         185521
         185621
         185721
         185821
         185921
         186021
         186121
         186221
         186321
         186421
         186521
         186621
         186721
         186821
         186921
         187021
         187121
         187221
         187321
         187421
         187521
         187621
         187721
         187821
         187921
         188021
         188121
         188221
         188321
         188421
         188521
         188621
         188721
         188821
         188921
         189021
         189121
         189221
         189321
         189421
         189521
         189621
         189721
         189817
         189912
         190012
         190117
         190221
         190321
         190421
         190521
         190621
         190721
         190821
         190921
         191021
         191121
         191221
         191321
         191421
         191521
         191621
         191721
         191821
         191921
         192021
         192121
         192221
         192321
         192421
         192521
         192621
         192721
         192821
         192921
         193021
         193121
         193221
         193321
         193421
         193521
         193621
         193721
         193821
         193921
         194021
         194121
         194221
         194321
         194421
         194521
         194621
         194721
         194817
         194912
         195012
         195117
         195221
         195321
         195421
         195521
         195621
         195721
         195821
         195921
         196021
         196121
         196221
         196321
         196421
         196521
         196621
         196721
         196821
         196921
         197021
         197121
         197221
         197321
         197421
         197521
         197621
         197721
         197821
         197921
         198021
         198121
         198221
         198321
         198421
         198521
         198621
         198721
         198821
         198921
         199021
         199121
         199221
         199321
         199421
         199521
         199621
         199721
         199817
         199912
         200012
         200117
         200221
         200321
         200421
         200521
         200621
         200721
         200821
         200921
         201021
         201121
         201221
         201321
         201421
         201521
         201621
         201721
         201821
         201921
         202021
         202121
         202221
         202321
         202421
         202521
         202621
         202721
         202821
         202921
         203021
         203121
         203221
         203321
         203421
         203521
         203621
         203721
         203821
         203921
         204021
         204121
         204221
         204321
         204421
         204521
         204621
         204721
         204817
         204912
         205012
         205117
         205221
         205321
         205421
         205521
         205621
         205721
         205821
         205921
         206021
         206121
         206221
         206321
         206421
         206521
         206621
         206721
         206821
         206921
         207021
         207121
         207221
         207321
         207421
         207521
         207621
         207721
         207821
         207921
         208021
         208121
         208221
         208321
         208421
         208521
         208621
         208721
         208821
         208921
         209021
         209121
         209221
         209321
         209421
         209521
         209621
         209721
         209817
         209912
         210012
         210117
         210221
         210321
         210421
         210521
         210621
         210721
         210821
         210921
         211021
         211121
         211221
         211321
         211421
         211521
         211621
         211721
         211821
         211921
         212021
         212121
         212221
         212321
         212421
         212521
         212621
         212721
         212821
         212921
         213021
         213121
         213221
         213321
         213421
         213521
         213621
         213721
         213821
         213921
         214021
         214121
         214221
         214321
         214421
         214521
         214621
         214721
         214817
         214912
         215012
         215117
         215221
         215321
         215421
         215521
         215621
         215721
         215821
         215921
         216021
         216121
         216221
         216321
         216421
         216521
         216621
         216721
         216821
         216921
         217021
         217121
         217221
         217321
         217421
         217521
         217621
         217721
         217821
         217921
         218021
         218121
         218221
         218321
         218421
         218521
         218621
         218721
         218821
         218921
         219021
         219121
         219221
         219321
         219421
         219521
         219621
         219721
         219817
         219912
         220012
         220117
         220221
         220321
         220421
         220521
         220621
         220721
         220821
         220921
         221021
         221121
         221221
         221321
         221421
         221521
         221621
         221721
         221821
         221921
         222021
         222121
         222221
         222321
         222421
         222521
         222621
         222721
         222821
         222921
         223021
         223121
         223221
         223321
         223421
         223521
         223621
         223721
         223821
         223921
         224021
         224121
         224221
         224321
         224421
         224521
         224621
         224721
         224817
         224912
         225012
         225117
         225221
         225321
         225421
         225521
         225621
         225721
         225821
         225921
         226021
         226121
         226221
         226321
         226421
         226521
         226621
         226721
         226821
         226921
         227021
         227121
         227221
         227321
         227421
         227521
         227621
         227721
         227821
         227921
         228021
         228121
         228221
         228321
         228421
         228521
         228621
         228721
         228821
         228921
         229021
         229121
         229221
         229321
         229421
         229521
         229621
         229721
         229817
         229912
         230012
         230117
         230221
         230321
         230421
         230521
         230621
         230721
         230821
         230921
         231021
         231121
         231221
         231321
         231421
         231521
         231621
         231721
         231821
         231921
         232021
         232121
         232221
         232321
         232421
         232521
         232621
         232721
         232821
         232921
         233021
         233121
         233221
         233321
         233421
         233521
         233621
         233721
         233821
         233921
         234021
         234121
         234221
         234321
         234421
         234521
         234621
         234721
         234817
         234912
         235012
         235117
         235221
         235321
         235421
         235521
         235621
         235721
         235821
         235921
         236021
         236121
         236221
         236321
         236421
         236521
         236621
         236721
         236821
         236921
         237021
         237121
         237221
         237321
         237421
         237521
         237621
         237721
         237821
         237921
         238021
         238121
         238221
         238321
         238421
         238521
         238621
         238721
         238821
         238921
         239021
         239121
         239221
         239321
         239421
         239521
         239621
         239721
         239817
         239912
         240010
         240114
         240217
         240317
         240417
         240517
         240617
         240717
         240817
         240917
         241017
         241117
         241217
         241317
         241417
         241517
         241617
         241717
         241817
         241917
         242017
         242117
         242217
         242317
         242417
         242517
         242617
         242717
         242817
         242917
         243017
         243117
         243217
         243317
         243417
         243517
         243617
         243717
         243817
         243917
         244017
         244117
         244217
         244317
         244417
         244517
         244617
         244717
         244813
         244909
         245007
         245110
         245212
         245312
         245412
         245512
         245612
         245712
         245812
         245912
         246012
         246112
         246212
         246312
         246412
         246512
         246612
         246712
         246812
         246912
         247012
         247112
         247212
         247312
         247412
         247512
         247612
         247712
         247812
         247912
         248012
         248112
         248212
         248312
         248412
         248512
         248612
         248712
         248812
         248912
         249012
         249112
         249212
         249312
         249412
         249512
         249612
         249712
         249809
         249906
